{"nbformat":4,"nbformat_minor":0,"metadata":{"colab":{"name":"Cholesky out.ipynb","provenance":[],"collapsed_sections":[]},"kernelspec":{"name":"python3","display_name":"Python 3"}},"cells":[{"cell_type":"code","metadata":{"colab":{"base_uri":"https://localhost:8080/"},"id":"d7Kn4rPPcb_i","executionInfo":{"status":"ok","timestamp":1607013176143,"user_tz":-120,"elapsed":650,"user":{"displayName":"Сергій Васильєв","photoUrl":"","userId":"07629438529474265561"}},"outputId":"1114a932-81b5-4346-f8c0-249893b38c7c"},"source":["import pprint\n","import scipy\n","import scipy.linalg   # SciPy Linear Algebra Library\n","\n","A = scipy.array([[6, 3, 4, 8], [3, 6, 5, 1], [4, 5, 10, 7], [8, 1, 7, 25]])\n","L = scipy.linalg.cholesky(A, lower=True)\n","U = scipy.linalg.cholesky(A, lower=False)\n","\n","print(\"A:\")\n","pprint.pprint(A)\n","\n","print(\"L:\")\n","pprint.pprint(L)\n","\n","print(\"U:\")\n","pprint.pprint(U)"],"execution_count":null,"outputs":[{"output_type":"stream","text":["A:\n","array([[ 6,  3,  4,  8],\n","       [ 3,  6,  5,  1],\n","       [ 4,  5, 10,  7],\n","       [ 8,  1,  7, 25]])\n","L:\n","array([[ 2.44948974,  0.        ,  0.        ,  0.        ],\n","       [ 1.22474487,  2.12132034,  0.        ,  0.        ],\n","       [ 1.63299316,  1.41421356,  2.30940108,  0.        ],\n","       [ 3.26598632, -1.41421356,  1.58771324,  3.13249102]])\n","U:\n","array([[ 2.44948974,  1.22474487,  1.63299316,  3.26598632],\n","       [ 0.        ,  2.12132034,  1.41421356, -1.41421356],\n","       [ 0.        ,  0.        ,  2.30940108,  1.58771324],\n","       [ 0.        ,  0.        ,  0.        ,  3.13249102]])\n"],"name":"stdout"},{"output_type":"stream","text":["/usr/local/lib/python3.6/dist-packages/ipykernel_launcher.py:5: DeprecationWarning: scipy.array is deprecated and will be removed in SciPy 2.0.0, use numpy.array instead\n","  \"\"\"\n"],"name":"stderr"}]},{"cell_type":"markdown","metadata":{"id":"j46A-0Amc7rP"},"source":["Custom realization\n"]},{"cell_type":"code","metadata":{"colab":{"base_uri":"https://localhost:8080/"},"id":"GrwyjcZFc7Z8","executionInfo":{"status":"ok","timestamp":1607013305019,"user_tz":-120,"elapsed":654,"user":{"displayName":"Сергій Васильєв","photoUrl":"","userId":"07629438529474265561"}},"outputId":"7c3618ac-4413-4f76-a932-71b865ee05db"},"source":["from math import sqrt\n","from pprint import pprint\n"," \n","def cholesky(A):\n","    \"\"\"Performs a Cholesky decomposition of A, which must \n","    be a symmetric and positive definite matrix. The function\n","    returns the lower variant triangular matrix, L.\"\"\"\n","    n = len(A)\n","\n","    # Create zero matrix for L\n","    L = [[0.0] * n for i in range(n)]\n","\n","    # Perform the Cholesky decomposition\n","    for i in range(n):\n","        for k in range(i+1):\n","            tmp_sum = sum(L[i][j] * L[k][j] for j in range(k))\n","            \n","            if (i == k): # Diagonal elements\n","                # LaTeX: l_{kk} = \\sqrt{ a_{kk} - \\sum^{k-1}_{j=1} l^2_{kj}}\n","                L[i][k] = sqrt(A[i][i] - tmp_sum)\n","            else:\n","                # LaTeX: l_{ik} = \\frac{1}{l_{kk}} \\left( a_{ik} - \\sum^{k-1}_{j=1} l_{ij} l_{kj} \\right)\n","                L[i][k] = (1.0 / L[k][k] * (A[i][k] - tmp_sum))\n","    return L\n"," \n","A = [[6, 3, 4, 8], [3, 6, 5, 1], [4, 5, 10, 7], [8, 1, 7, 25]]\n","L = cholesky(A)\n","\n","print(\"A:\")\n","pprint(A)\n","\n","print(\"L:\")\n","pprint(L)"],"execution_count":null,"outputs":[{"output_type":"stream","text":["A:\n","[[6, 3, 4, 8], [3, 6, 5, 1], [4, 5, 10, 7], [8, 1, 7, 25]]\n","L:\n","[[2.449489742783178, 0.0, 0.0, 0.0],\n"," [1.2247448713915892, 2.1213203435596424, 0.0, 0.0],\n"," [1.6329931618554523, 1.414213562373095, 2.309401076758503, 0.0],\n"," [3.2659863237109046,\n","  -1.4142135623730956,\n","  1.5877132402714704,\n","  3.1324910215354165]]\n"],"name":"stdout"}]}]}